535,537,542,544-45,549-52,558,565,574,591,593,597,600,603,606,613,617

types

618, 621, 623, 630, 633, 641, 644, 650-52, 655, 663, 669, 679, 681, 688, 694, 698, 703-04, 709, 715-16, 719, 724
727, 732, 737, 740-41, 745, 747, 756, 760, 763-767, 769

data-flow

770,772,775,779-81,785-87,789, 794,799,805-06,810,814,819,823,828,831,834,839-41,845,856,859,871,876,879,881,887,898,912,
926-27,929,932,935,939-40,951,954,957,961-62,967,970,975,982,988-989,992,998,1002,1007,1019,1027,1033,1047-1048,1055,1061

